1875 01 1875.042   24.4   5.7    31  
1875 02 1875.123   35.9   6.8    28  
1875 03 1875.204   56.4   8.4    31  
1875 04 1875.288   48.6   7.8    30  
1875 05 1875.371   19.2   5.1    31  
1875 06 1875.455   39.9   7.1    30  
1875 07 1875.538   20.9   5.3    31  
1875 08 1875.623   24.4   5.7    31  
1875 09 1875.707    4.0   2.9    30  
1875 10 1875.790   21.3   5.3    31  
1875 11 1875.874   29.6   6.3    30  
1875 12 1875.958   16.5   4.8    31  
1876 01 1876.042   23.9   5.7    31  
1876 02 1876.124   25.1   5.7    29  
1876 03 1876.206   51.1   8.1    31  
1876 04 1876.290    3.9   2.9    30  
1876 05 1876.373    8.5   3.7    31  
1876 06 1876.456    2.7   2.6    30  
1876 07 1876.540   25.5   5.8    31  
1876 08 1876.624   14.8   4.5    31  
1876 09 1876.708   16.6   4.8    30  
1876 10 1876.791   23.9   5.6    31  
1876 11 1876.874   16.6   4.8    30  
1876 12 1876.958   13.6   4.4    31  
1877 01 1877.042   40.6   7.2    31  
1877 02 1877.123   14.5   4.4    28  
1877 03 1877.204   19.9   5.2    31  
1877 04 1877.288   26.3   5.9    30  
1877 05 1877.371   36.1   6.8    31  
1877 06 1877.455   23.6   5.5    30  
1877 07 1877.538   10.0   3.8    31  
1877 08 1877.623   10.5   3.9    31  
1877 09 1877.707   28.1   6.0    30  
1877 10 1877.790   11.2   4.1    31  
1877 11 1877.874   23.6   5.6    30  
1877 12 1877.958    3.5   2.7    31  
1878 01 1878.042    5.5   3.1    31  
1878 02 1878.123   11.0   4.1    28  
1878 03 1878.204   13.1   4.3    31  
1878 04 1878.288    0.2   2.0    30  
1878 05 1878.371    9.9   3.9    31  
1878 06 1878.455   10.7   4.0    30  
1878 07 1878.538    0.2   2.0    31  
1878 08 1878.623    0.0   2.0    31  
1878 09 1878.707    8.8   3.7    30  
1878 10 1878.790    1.9   2.4    31  
1878 11 1878.874    6.8   3.3    30  
1878 12 1878.958    0.9   2.2    31  
1879 01 1879.042    1.6   2.3    31  
1879 02 1879.123    0.9   2.2    28  
1879 03 1879.204    0.0   2.0    31  
1879 04 1879.288   10.4   3.9    30  
1879 05 1879.371    4.0   2.8    31  
1879 06 1879.455    8.0   3.6    30  
1879 07 1879.538   12.6   4.2    31  
1879 08 1879.623   17.9   5.0    31  
1879 09 1879.707   10.1   3.8    30  
1879 10 1879.790   20.4   5.2    31  
1879 11 1879.874   21.9   5.4    30  
1879 12 1879.958   12.2   4.1    31  
1880 01 1880.042   40.1   7.2    31  
1880 02 1880.124   45.4   7.6    29  
1880 03 1880.206   32.1   6.4    31  
1880 04 1880.290   32.4   6.4    30  
1880 05 1880.373   39.1   7.1    31  
1880 06 1880.456   56.9   8.5    30  
1880 07 1880.540   36.5   6.8    31  
1880 08 1880.624   80.3  10.1    31  
1880 09 1880.708  110.1  11.8    30  
1880 10 1880.791   71.7   9.5    31  
1880 11 1880.874   51.1   8.1    30  
1880 12 1880.958   49.4   7.9    31  
1881 01 1881.042   60.6   8.7    31  
1881 02 1881.123   88.6  10.6    28  
1881 03 1881.204   85.8  10.4    31  
1881 04 1881.288   86.1  10.4    30  
1881 05 1881.371   72.5   9.6    31  
1881 06 1881.455  100.8  11.3    30  
1881 07 1881.538  128.2  12.7    31  
1881 08 1881.623   97.3  11.1    31  
1881 09 1881.707   88.6  10.6    30  
1881 10 1881.790  107.3  11.6    31  
1881 11 1881.874   91.5  10.7    30  
1881 12 1881.958   78.8  10.0    31  
1882 01 1882.042   75.0   9.7    31  
1882 02 1882.123  115.9  12.1    28  
1882 03 1882.204  111.5  11.8    31  
1882 04 1882.288  159.6  14.2    30  
1882 05 1882.371  106.9  11.6    31  
1882 06 1882.455   75.4   9.8    30  
1882 07 1882.538   75.7   9.8    31  
1882 08 1882.623   67.5   9.2    31  
1882 09 1882.707   96.1  11.0    30  
1882 10 1882.790   98.6  11.2    31  
1882 11 1882.874  140.6  13.3    30  
1882 12 1882.958   69.7   9.4    31  
1883 01 1883.042  101.0  11.3    31  
1883 02 1883.123   78.2  10.0    28  
1883 03 1883.204   71.3   9.5    31  
1883 04 1883.288  136.8  13.1    30  
1883 05 1883.371   52.5   8.1    31  
1883 06 1883.455  127.2  12.7    30  
1883 07 1883.538  134.4  13.0    31  
1883 08 1883.623   76.6   9.8    31  
1883 09 1883.707   87.8  10.5    30  
1883 10 1883.790  139.6  13.3    31  
1883 11 1883.874  140.8  13.3    30  
1883 12 1883.958  126.5  12.6    31  
1884 01 1884.042  152.6  13.9    31  
1884 02 1884.124  144.8  13.5    29  
1884 03 1884.206  145.8  13.6    31  
1884 04 1884.290  126.9  12.7    30  
1884 05 1884.373  110.9  11.8    31  
1884 06 1884.456   85.3  10.4    30  
1884 07 1884.540   88.5  10.6    31  
1884 08 1884.624   93.1  10.8    31  
1884 09 1884.708  103.1  11.4    30  
1884 10 1884.791   79.6  10.0    31  
1884 11 1884.874   60.9   8.8    30  
1884 12 1884.958   78.6  10.0    31  
1885 01 1885.042   71.4   9.5    31  
1885 02 1885.123  119.7  12.3    28  
1885 03 1885.204   82.9  10.2    31  
1885 04 1885.288   91.7  10.8    30  
1885 05 1885.371  121.6  12.4    31  
1885 06 1885.455  139.5  13.3    30  
1885 07 1885.538  110.9  11.8    31  
1885 08 1885.623   83.5  10.3    31  
1885 09 1885.707   66.0   9.1    30  
1885 10 1885.790   64.5   9.1    31  
1885 11 1885.874   51.6   8.1    30  
1885 12 1885.958   36.3   6.8    31  
1886 01 1886.042   49.8   8.0    31  
1886 02 1886.123   43.2   7.4    28  
1886 03 1886.204   95.5  11.0    31  
1886 04 1886.288   72.9   9.6    30  
1886 05 1886.371   51.2   8.0    31  
1886 06 1886.455   45.3   7.6    30  
1886 07 1886.538   50.4   8.0    31  
1886 08 1886.623   28.1   6.0    31  
1886 09 1886.707   35.7   6.8    30  
1886 10 1886.790   14.4   4.3    31  
1886 11 1886.874    0.6   2.1    30  
1886 12 1886.958   21.7   5.3    31  
1887 01 1887.042   17.0   4.8    31  
1887 02 1887.123   22.0   5.4    28  
1887 03 1887.204    7.1   3.3    31  
1887 04 1887.288   11.6   4.0    30  
1887 05 1887.371   33.4   6.5    31  
1887 06 1887.455   26.1   5.7    30  
1887 07 1887.538   38.9   7.0    31  
1887 08 1887.623   35.7   6.8    31  
1887 09 1887.707   12.4   4.2    30  
1887 10 1887.790   11.0   3.9    31  
1887 11 1887.874   11.5   4.0    30  
1887 12 1887.958   34.5   6.6    31  
1888 01 1888.042   21.2   5.3    31  
1888 02 1888.124   11.8   4.1    29  
1888 03 1888.206   13.1   4.3    31  
1888 04 1888.290    8.5   3.5    30  
1888 05 1888.373   11.7   4.1    31  
1888 06 1888.456   11.8   4.0    30  
1888 07 1888.540    5.0   2.9    31  
1888 08 1888.624    4.6   2.9    31  
1888 09 1888.708   14.6   4.4    30  
1888 10 1888.791    3.4   2.7    31  
1888 11 1888.874   17.9   4.8    30  
1888 12 1888.958   11.1   3.9    31  
1889 01 1889.042    1.3   2.3    31  
1889 02 1889.123   14.2   4.5    28  
1889 03 1889.204   11.1   4.0    31  
1889 04 1889.288    7.3   3.4    30  
1889 05 1889.371    4.0   2.8    31  
1889 06 1889.455   10.8   4.0    30  
1889 07 1889.538   15.8   4.6    31  
1889 08 1889.623   34.3   6.7    31  
1889 09 1889.707   10.9   3.9    30  
1889 10 1889.790    3.4   2.6    31  
1889 11 1889.874    0.3   2.0    30  
1889 12 1889.958   11.2   4.1    31  
1890 01 1890.042    8.8   3.6    31  
1890 02 1890.123    1.1   2.2    28  
1890 03 1890.204    8.5   3.6    31  
1890 04 1890.288    2.7   2.5    30  
1890 05 1890.371    7.9   3.5    31  
1890 06 1890.455    2.2   2.4    30  
1890 07 1890.538   19.3   5.1    31  
1890 08 1890.623   14.2   4.4    31  
1890 09 1890.707   28.6   6.0    30  
1890 10 1890.790   18.6   5.0    31  
1890 11 1890.874   15.9   4.7    30  
1890 12 1890.958   13.1   4.2    31  
1891 01 1891.042   22.5   5.5    31  
1891 02 1891.123   36.9   6.9    28  
1891 03 1891.204   17.2   4.7    31  
1891 04 1891.288   34.2   6.6    30  
1891 05 1891.371   68.5   9.3    31  
1891 06 1891.455   80.4  10.1    30  
1891 07 1891.538   98.0  11.1    31  
1891 08 1891.623   55.1   8.3    31  
1891 09 1891.707   89.7  10.7    30  
1891 10 1891.790   86.0  10.4    31  
1891 11 1891.874   69.8   9.4    30  
1891 12 1891.958   54.3   8.3    31  
1892 01 1892.042  115.2  12.1    31  
1892 02 1892.124  126.1  12.6    29  
1892 03 1892.206   83.3  10.3    31  
1892 04 1892.290  116.0  12.1    30  
1892 05 1892.373  132.7  12.9    31  
1892 06 1892.456  127.3  12.7    30  
1892 07 1892.540  127.6  12.7    31  
1892 08 1892.624  169.0  14.6    31  
1892 09 1892.708  104.7  11.5    30  
1892 10 1892.791  117.5  12.2    31  
1892 11 1892.874  108.9  11.7    30  
1892 12 1892.958  131.0  12.9    31  
1893 01 1893.042  125.0  10.0    31  
1893 02 1893.123  121.6   9.8    28  
1893 03 1893.204  109.5   9.3    31  
1893 04 1893.288  146.8  10.8    30  
1893 05 1893.371  141.3  10.6    31  
1893 06 1893.455  149.8  10.9    30  
1893 07 1893.538  147.6  10.9    31  
1893 08 1893.623  215.4  13.1    31  
1893 09 1893.707  129.9  10.2    30  
1893 10 1893.790  133.3  10.3    31  
1893 11 1893.874  125.2  10.0    30  
1893 12 1893.958  156.4  11.2    31  
1894 01 1894.042  138.6  10.5    31  
1894 02 1894.123  141.0  10.6    28  
1894 03 1894.204   87.1   8.3    31  
1894 04 1894.288  136.0  10.4    30  
1894 05 1894.371  168.7  11.6    31  
1894 06 1894.455  164.8  11.5    30  
1894 07 1894.538  176.7  11.9    31  
1894 08 1894.623  117.1   9.6    31  
1894 09 1894.707  110.0   9.4    30  
1894 10 1894.790  125.7  10.0    31  
1894 11 1894.874   94.3   8.7    30  
1894 12 1894.958  100.1   8.9    31  
1895 01 1895.042  105.4   9.2    31  
1895 02 1895.123  112.0   9.4    28  
1895 03 1895.204  101.6   9.0    31  
1895 04 1895.288  128.2  10.1    30  
1895 05 1895.371  112.5   9.4    31  
1895 06 1895.455  119.1   9.7    30  
1895 07 1895.538   79.7   8.0    31  
1895 08 1895.623  114.9   9.6    31  
1895 09 1895.707   96.1   8.8    30  
1895 10 1895.790  113.2   9.5    31  
1895 11 1895.874   78.6   7.9    30  
1895 12 1895.958  117.9   9.7    31  
1896 01 1896.042   48.4   6.2    31  
1896 02 1896.124   95.7   8.7    29  
1896 03 1896.206   86.5   8.3    31  
1896 04 1896.290   73.0   7.6    30  
1896 05 1896.373   46.1   6.1    31  
1896 06 1896.456   81.7   8.1    30  
1896 07 1896.540   75.2   7.7    31  
1896 08 1896.624   45.4   6.0    31  
1896 09 1896.708  102.2   9.0    30  
1896 10 1896.791   47.9   6.2    31  
1896 11 1896.874   63.3   7.1    30  
1896 12 1896.958   71.0   7.5    31  
1897 01 1897.042   67.6   7.3    31  
1897 02 1897.123   49.0   6.2    28  
1897 03 1897.204   48.7   6.2    31  
1897 04 1897.288   51.7   6.4    30  
1897 05 1897.371   33.3   5.2    31  
1897 06 1897.455   18.9   4.0    30  
1897 07 1897.538   46.1   6.1    31  
1897 08 1897.623   36.4   5.4    31  
1897 09 1897.707   80.4   8.0    30  
1897 10 1897.790   23.9   4.5    31  
1897 11 1897.874   14.0   3.5    30  
1897 12 1897.958   55.5   6.7    31  
1898 01 1898.042   50.4   6.3    31  
1898 02 1898.123   60.7   7.0    28  
1898 03 1898.204   63.9   7.2    31  
1898 04 1898.288   24.2   4.5    30  
1898 05 1898.371   43.0   5.9    31  
1898 06 1898.455   37.1   5.4    30  
1898 07 1898.538   15.0   3.7    31  
1898 08 1898.623   52.3   6.5    31  
1898 09 1898.707   58.1   6.8    30  
1898 10 1898.790   57.1   6.8    31  
1898 11 1898.874   51.6   6.4    30  
1898 12 1898.958   21.1   4.2    31  
1899 01 1899.042   32.4   5.1    31  
1899 02 1899.123   15.3   3.7    28  
1899 03 1899.204   30.3   5.0    31  
1899 04 1899.288   23.6   4.4    30  
1899 05 1899.371   12.9   3.3    31  
1899 06 1899.455   34.1   5.2    30  
1899 07 1899.538   22.5   4.4    31  
1899 08 1899.623    4.9   2.6    31  
1899 09 1899.707   14.0   3.5    30  
1899 10 1899.790   21.7   4.4    31  
1899 11 1899.874   13.0   3.4    30  
1899 12 1899.958   17.6   3.9    31  
1900 01 1900.042   15.7   3.7    31  
1900 02 1900.123   22.8   4.5    28  
1900 03 1900.204   14.4   3.6    31  
1900 04 1900.288   26.8   4.6    30  
1900 05 1900.371   25.3   4.6    31  
1900 06 1900.455   20.1   4.2    30  
1900 07 1900.538   13.9   3.6    31  
1900 08 1900.623    7.1   2.9    31  
1900 09 1900.707   13.9   3.6    30  
1900 10 1900.790   21.6   4.3    31  
1900 11 1900.874    7.5   2.9    30  
1900 12 1900.958    0.5   2.0    31  
1901 01 1901.042    0.4   2.0    31  
1901 02 1901.123    4.0   2.4    28  
1901 03 1901.204    7.4   3.0    31  
1901 04 1901.288    0.0   2.0    30  
1901 05 1901.371   17.0   4.0    31  
1901 06 1901.455    9.7   3.1    30  
1901 07 1901.538    1.2   2.1    31  
1901 08 1901.623    1.7   2.2    31  
1901 09 1901.707    0.9   2.1    30  
1901 10 1901.790    6.3   2.8    31  
1901 11 1901.874    6.4   2.7    30  
1901 12 1901.958    0.0   2.0    31  
1902 01 1902.042    9.3   3.2    31  
1902 02 1902.123    0.0   2.0    28  
1902 03 1902.204   20.7   4.3    31  
1902 04 1902.288    0.0   2.0    30  
1902 05 1902.371    4.7   2.5    31  
1902 06 1902.455    2.4   2.3    30  
1902 07 1902.538    1.5   2.2    31  
1902 08 1902.623    3.8   2.4    31  
1902 09 1902.707   12.6   3.5    30  
1902 10 1902.790   27.2   4.7    31  
1902 11 1902.874   17.2   4.0    30  
1902 12 1902.958    1.8   2.2    31  
1903 01 1903.042   13.9   3.5    31  
1903 02 1903.123   28.4   4.8    28  
1903 03 1903.204   22.5   4.4    31  
1903 04 1903.288   43.5   5.9    30  
1903 05 1903.371   24.3   4.5    31  
1903 06 1903.455   27.2   4.7    30  
1903 07 1903.538   46.4   6.1    31  
1903 08 1903.623   48.0   6.2    31  
1903 09 1903.707   18.5   4.0    30  
1903 10 1903.790   64.8   7.2    31  
1903 11 1903.874   74.2   7.7    30  
1903 12 1903.958   76.2   7.8    31  
1904 01 1904.042   52.6   6.5    31  
1904 02 1904.124   40.8   5.7    29  
1904 03 1904.206   61.9   7.0    31  
1904 04 1904.290   71.6   7.6    30  
1904 05 1904.373   65.7   7.2    31  
1904 06 1904.456   69.8   7.5    30  
1904 07 1904.540   84.3   8.2    31  
1904 08 1904.624   97.1   8.8    31  
1904 09 1904.708   50.2   6.3    30  
1904 10 1904.791   90.4   8.5    31  
1904 11 1904.874   63.4   7.1    30  
1904 12 1904.958   91.1   8.5    31  
1905 01 1905.042   91.2   8.5    31  
1905 02 1905.123  143.0  10.7    28  
1905 03 1905.204   94.3   8.7    31  
1905 04 1905.288   65.5   7.2    30  
1905 05 1905.371   79.9   8.0    31  
1905 06 1905.455   81.6   8.1    30  
1905 07 1905.538  121.6   9.8    31  
1905 08 1905.623   98.1   8.8    31  
1905 09 1905.707   91.8   8.5    30  
1905 10 1905.790  131.2  10.2    31  
1905 11 1905.874  178.7  11.9    30  
1905 12 1905.958   92.5   8.6    31  
1906 01 1906.042   75.8   7.8    31  
1906 02 1906.123   52.3   6.5    28  
1906 03 1906.204  107.4   9.2    31  
1906 04 1906.288   92.2   8.6    30  
1906 05 1906.371   96.2   8.7    31  
1906 06 1906.455  105.3   9.2    30  
1906 07 1906.538  172.7  11.7    31  
1906 08 1906.623   79.6   8.0    31  
1906 09 1906.707   93.5   8.6    30  
1906 10 1906.790   29.7   4.9    31  
1906 11 1906.874   64.8   7.2    30  
1906 12 1906.958  108.0   9.3    31  
1907 01 1907.042  127.4  10.1    31  
1907 02 1907.123  180.3  12.0    28  
1907 03 1907.204  101.1   9.0    31  
1907 04 1907.288   87.6   8.4    30  
1907 05 1907.371   71.4   7.5    31  
1907 06 1907.455   67.2   7.3    30  
1907 07 1907.538   82.9   8.1    31  
1907 08 1907.623   90.5   8.5    31  
1907 09 1907.707  141.7  10.6    30  
1907 10 1907.790  109.1   9.3    31  
1907 11 1907.874  102.5   9.0    30  
1907 12 1907.958   78.9   7.9    31